 -129.024382  -148.215718  1170.398230
 -128.992757  -145.403621  1169.108705
 -129.110145  -142.792008  1169.123705
 -129.118617  -140.101819  1168.084666
 -129.127833  -137.381736  1167.099873
 -129.315202  -134.762489  1167.106406
 -129.449932  -132.033703  1165.859316
 -125.799364  -131.956428  1160.297741
 -125.634599  -134.601466  1161.774853
 -125.455001  -137.170230  1162.731596
 -125.445184  -139.788592  1163.859515
 -125.523644  -142.470982  1165.038088
 -125.593720  -145.178094  1166.185897
 -125.533026  -147.745515  1166.241772
 -125.459891  -150.367863  1166.375447
 -125.451757  -153.161064  1167.645801
 -125.260082  -155.895441  1167.912576
 -124.904115  -158.523418  1166.913306
 -124.692419  -161.360879  1167.031993
 -124.685974  -164.428503  1168.257814
 -124.591920  -167.428322  1168.390690
 -121.165443  -166.669617  1163.082815
 -121.012904  -169.678762  1163.126358
 -121.263927  -163.716776  1163.268108
 -121.341992  -160.801461  1163.232724
 -121.428959  -157.927895  1162.969657
 -121.556037  -155.102365  1162.688686
 -121.858524  -152.507125  1163.586374
 -122.220493  -150.088747  1164.644857
 -122.180528  -147.399255  1163.312705
 -122.224355  -144.933663  1163.266428
 -122.159048  -142.313623  1162.120746
 -122.141199  -139.775490  1161.010727
 -117.094989  -136.229245  1125.650545
   57.689260    15.027139  -181.914894
  -97.308182   -95.574165  1148.812219
  -90.790363   -64.592236  1165.269739
 -120.592753   -68.834292  1176.636440
 -126.756742  -126.799371  1160.297465
 -120.378731  -115.120116  1097.844461
  -28.854050   -73.937474   507.592563
 -127.855661  -117.873843  1156.991578
 -125.181635   -83.838076  1170.660678
 -122.440220   -73.749790  1172.714630
 -116.434276   -72.411022  1124.305830
 -127.581663  -109.743938  1160.866736
 -126.995766  -112.722008  1159.745445
 -126.309413  -115.697827  1158.502968
 -126.050503  -118.524572  1157.667463
   -3.673992   -35.188740   526.682191
 -112.515141  -120.952078  1146.758703
 -123.481590  -126.857070  1156.119939
 -120.397297  -127.006488  1153.361360
 -120.670813  -130.185053  1154.173927
  -76.580452   -73.150021  1159.401038
 -119.309000  -134.856436  1156.086443
 -119.213204  -137.425404  1157.610516
    4.758329   -47.608167   455.054052
 -130.225831  -158.066885  1173.899111
 -119.027108  -144.825375  1161.447530
 -118.986955  -147.161157  1161.533842
 -118.919332  -149.563034  1161.572331
 -118.497299  -152.033816  1160.887755
 -118.104527  -154.635736  1159.955623
 -117.736103  -157.179979  1157.827424
 -115.887662  -147.279229  1169.337526
  -28.163270   -51.352322  1174.910540
  -97.887904  -194.818487  1147.546776
  -18.167673   -39.094733   498.995496
 -116.096814  -137.627961  1155.646505
 -116.181358  -134.931969  1153.514515
 -116.458248  -132.319236  1152.345445
 -116.890666  -129.725821  1151.958074
 -117.371744  -127.023029  1151.553923
 -117.914519  -124.216047  1151.125759
 -120.950810  -124.257580  1153.075637
 -121.673026  -121.503446  1153.710666
 -122.637686  -118.965537  1156.264591
 -123.093002  -115.658957  1154.185169
 -123.826525  -112.694619  1155.242152
 -124.460678  -109.715451  1156.218129
 -125.042449  -106.801495  1157.861278
 -128.060399  -106.838938  1162.314520
 -128.367467  -103.977878  1163.899681
 -128.504780  -101.119549  1165.412143
 -128.518836   -98.324158  1167.199968
 -125.151480   -97.709777  1162.754577
 -125.640790  -101.017767  1160.888807
 -125.408945  -103.894540  1159.283690
 -122.226282  -103.524985  1154.619693
 -121.748457  -106.458561  1153.055276
 -121.180773  -109.427412  1151.829339
 -120.633680  -112.512344  1151.863612
 -119.906891  -115.474167  1150.945170
 -120.061446  -118.653854  1151.686490
 -118.500070  -121.331040  1150.613133
 -115.368620  -121.128338  1148.608905
 -114.821636  -124.044459  1149.250604
 -114.269163  -126.879870  1149.724021
 -113.764846  -129.613646  1150.210372
 -113.337668  -132.251615  1150.696011
 -113.132416  -134.955858  1151.979455
 -112.905814  -137.621878  1153.040623
 -112.810309  -140.212273  1154.790084
 -109.580919  -140.058370  1152.333877
 -109.769136  -137.485513  1151.575945
 -109.979094  -134.754710  1150.421127
 -110.316348  -132.172299  1150.305361
 -110.700244  -129.478523  1149.630817
 -111.092736  -126.601230  1147.899287
 -111.697893  -123.764995  1147.396927
 -112.291253  -120.880710  1146.930988
 -112.968089  -118.030493  1147.416964
 -116.012731  -118.171966  1148.175869
 -116.747146  -115.260558  1148.927298
 -117.331363  -112.187715  1148.648443
 -117.975251  -109.183525  1149.737431
 -118.435983  -106.137311  1150.039349
 -118.905369  -103.169223  1151.516116
 -119.271870  -100.289496  1153.242749
 -122.538604  -100.710750  1156.404158
 -122.771243   -97.956380  1158.267057
 -122.844246   -95.209838  1160.053251
 -125.773165   -95.531051  1164.444859
 -125.760389   -92.745034  1166.156875
 -125.800803   -89.899362  1167.730926
 -125.980981   -86.965364  1170.117413
 -122.952797   -86.962434  1166.338803
 -122.852926   -89.729322  1163.702383
 -122.869034   -92.510132  1161.944695
 -119.840404   -92.176887  1158.936493
 -119.722561   -94.792522  1156.881701
 -119.559841   -97.501906  1155.046551
 -116.114169   -97.001839  1152.075867
 -115.802705   -99.797251  1150.202765
 -115.400468  -102.700585  1148.417070
 -115.067252  -105.793336  1148.150479
 -114.562568  -108.802876  1146.832890
 -114.101808  -111.928005  1146.910184
 -113.554033  -115.025288  1147.206621
 -110.325835  -114.656650  1145.413976
 -109.728177  -117.731970  1145.693490
 -109.234908  -120.701803  1146.341117
 -108.677095  -123.608472  1146.969559
 -108.078093  -126.457215  1147.455772
 -107.574015  -129.121210  1147.963265
 -107.360157  -131.971548  1149.873197
 -107.057867  -134.572147  1150.214071
 -106.833788  -137.337637  1151.445361
 -103.828359  -137.032751  1150.111712
 -104.143306  -134.411469  1150.152221
 -104.291307  -131.652501  1148.765255
 -104.655221  -129.007310  1148.673077
 -105.037511  -126.139950  1146.759972
 -105.566667  -123.259634  1146.030768
 -106.119795  -120.418290  1145.503651
 -106.600810  -117.414295  1145.060606
 -107.210063  -114.393934  1145.073698
 -107.465521  -111.210003  1144.575594
 -110.833328  -111.552730  1145.268242
 -111.357691  -108.542733  1146.460503
 -111.647680  -105.416926  1146.566652
 -111.945099  -102.319878  1146.816402
 -112.341499   -99.412962  1148.619018
 -112.667216   -96.616246  1150.540902
 -112.849914   -93.872337  1151.304906
 -116.356095   -94.322958  1154.050630
 -116.519983   -91.746434  1156.072553
 -116.638346   -89.261936  1158.116115
 -119.841355   -89.552436  1160.841476
 -119.814035   -86.843874  1162.557317
 -119.972851   -84.049229  1165.208643
 -123.007836   -83.903498  1167.690379
 -123.249546   -80.726767  1170.149994
 -120.045757   -80.907707  1166.517342
 -120.257635   -77.642556  1168.771383
 -117.202328   -77.835135  1166.411592
 -116.989958   -80.986146  1164.062243
 -116.882781   -84.020427  1162.704046
 -116.685996   -86.693553  1159.981328
 -113.648987   -86.534404  1158.657083
 -113.354500   -88.937892  1155.469165
 -113.096049   -91.351911  1153.390172
 -109.779208   -91.056313  1152.119496
 -109.390148   -93.560685  1149.928787
 -109.153817   -96.288290  1149.235537
 -108.799332   -99.069814  1147.305640
 -108.413799  -101.946419  1145.445029
 -108.111190  -104.990382  1144.823924
 -107.868152  -108.100078  1144.803740
 -104.552490  -107.844118  1144.784947
 -104.122421  -110.833136  1143.324367
 -103.854068  -113.989241  1144.391132
 -103.392847  -117.092606  1144.442709
 -102.930642  -120.097743  1144.825833
 -102.492714  -122.961913  1145.403458
 -102.143946  -125.917215  1147.375253
 -101.678939  -128.674432  1148.324556
 -101.391375  -131.411351  1149.079765
 -101.225180  -134.104878  1149.460492
 -101.074049  -136.723532  1149.730925
  -98.281465  -136.508133  1149.659267
  -98.337455  -133.848115  1149.068659
  -98.381307  -131.019819  1148.202191
  -98.704590  -128.283114  1147.520258
  -99.104802  -125.545481  1146.645102
  -99.513071  -122.739285  1145.917897
  -99.778996  -119.722481  1144.270572
 -100.175542  -116.757373  1143.937633
 -100.519388  -113.699026  1144.115517
 -100.735985  -110.527751  1142.896760
 -100.987648  -107.433580  1143.015230
 -101.188133  -104.338245  1143.529960
 -104.768253  -104.769655  1145.032037
 -104.978160  -101.723729  1145.558459
 -105.228008   -98.738149  1146.028410
 -105.604114   -96.007402  1148.021969
 -106.037072   -93.405083  1150.015336
 -106.376183   -90.797872  1150.806180
 -106.833257   -88.409421  1152.974136
 -110.112904   -88.645825  1154.196796
 -110.433809   -86.211838  1156.187126
 -110.770764   -83.611778  1158.972245
 -113.785651   -83.839874  1160.223941
 -113.929427   -80.897834  1161.663411
 -114.155056   -77.807069  1164.072230
 -114.186995   -74.510114  1165.148174
 -117.282025   -74.380301  1167.507895
 -114.293128   -71.151341  1167.304591
 -111.138871   -71.138767  1165.090874
 -111.204087   -74.484651  1164.016319
 -111.025748   -77.662676  1161.628857
 -110.914106   -80.710340  1160.361907
 -107.872883   -80.611352  1159.206327
 -107.672099   -83.445644  1157.785369
 -107.258030   -85.968324  1154.883842
 -104.103973   -85.929052  1154.962508
 -103.602157   -88.354925  1153.039987
 -103.059950   -90.743360  1150.990562
 -102.559876   -93.261039  1148.950290
 -102.096320   -95.877330  1146.915503
 -101.780389   -98.608300  1146.183670
 -101.388406  -101.411917  1144.211060
  -98.029659  -101.341847  1144.249814
  -97.746274  -104.208173  1143.465510
  -97.561343  -107.257337  1143.203970
  -97.339652  -110.208105  1142.788472
  -97.167338  -113.364131  1143.666604
  -96.880437  -116.382396  1143.674039
  -96.681186  -119.443949  1145.011944
  -96.364329  -122.332126  1145.388559
  -96.006614  -125.099269  1146.007226
  -95.729942  -127.947273  1147.797384
  -95.468214  -130.719936  1148.323530
  -95.202027  -133.449272  1148.012030
  -95.132172  -136.013913  1148.334640
  -92.124287  -135.770985  1148.634841
  -92.218878  -133.110617  1148.114645
  -92.336046  -130.268886  1147.573936
  -92.606750  -127.560106  1147.095059
  -92.980811  -124.840555  1146.587625
  -93.202664  -121.976944  1145.078315
  -93.484552  -119.112204  1144.728345
  -93.632433  -116.056950  1143.447366
  -93.895975  -113.072544  1143.569978
  -94.142153  -110.132840  1144.085986
  -94.279849  -107.088958  1143.400740
  -94.486278  -104.223667  1143.876598
  -94.860692  -101.496618  1145.826160
  -95.232980   -98.694753  1146.584820
  -98.403916   -98.629607  1146.395406
  -98.752555   -95.891911  1147.193014
  -99.273997   -93.326392  1149.142172
  -99.715894   -90.787850  1150.086373
 -100.271733   -88.403255  1152.145556
 -100.797489   -86.004698  1154.079510
 -101.204678   -83.384704  1155.878871
 -104.470810   -83.305149  1156.724570
 -104.700293   -80.520382  1158.276983
 -104.732456   -77.537880  1159.609841
 -107.943271   -77.532592  1160.377872
 -107.912189   -74.299334  1161.567883
 -107.964775   -71.077718  1163.912038
 -107.863659   -67.764913  1164.938648
 -111.144667   -67.745255  1167.155948
 -107.793111   -64.380481  1167.072799
 -104.519853   -64.575658  1166.233103
 -104.514412   -67.905207  1164.064498
 -104.499152   -71.096439  1161.697051
 -104.639849   -74.350903  1160.726121
 -101.345225   -74.674718  1160.109671
 -101.476166   -77.769834  1159.032972
 -101.458963   -80.714025  1157.589859
  -98.387925   -81.059073  1157.308954
  -98.122827   -83.731902  1155.565233
  -97.808530   -86.400586  1154.819894
  -97.237294   -88.817685  1152.831949
  -96.630043   -91.131853  1150.875047
  -96.173793   -93.590038  1149.571364
  -95.648582   -95.988151  1147.509037
  -92.863136   -96.471563  1149.048859
  -92.262982   -98.935724  1146.820008
  -91.805359  -101.578003  1145.725071
  -91.492692  -104.325961  1145.091167
  -91.139311  -107.100134  1144.554468
  -90.891975  -109.925608  1144.030227
  -90.689558  -112.807154  1143.542748
  -90.452264  -115.726716  1143.226082
  -90.326115  -118.754426  1144.413480
  -90.144306  -121.669007  1145.671145
  -89.812724  -124.408840  1145.930979
  -89.589895  -127.249221  1147.576857
  -89.290842  -129.969312  1148.081558
  -89.044920  -132.637189  1147.403089
  -88.853669  -135.352007  1147.686339
  -85.731998  -134.923487  1148.149477
  -85.904116  -132.225971  1147.702884
  -86.154485  -129.498002  1147.213777
  -86.456502  -126.791576  1146.801193
  -86.683595  -123.985100  1145.414944
  -86.981603  -121.308617  1145.238837
  -87.136759  -118.424591  1144.121682
  -87.364368  -115.579231  1144.343241
  -87.606888  -112.700759  1144.745204
  -87.864220  -110.001338  1145.235575
  -88.194615  -107.277437  1145.775445
  -88.569404  -104.557343  1146.358654
  -89.134799  -102.006989  1147.207829
  -89.541147   -99.390919  1148.104137
  -90.169928   -96.971655  1149.342369
  -90.643064   -94.490460  1150.537119
  -93.322650   -94.062746  1150.224976
  -93.742815   -91.547748  1151.510265
  -94.396136   -89.204568  1153.414366
  -94.820252   -86.582844  1154.176466
  -95.303216   -83.919222  1156.141140
  -95.697876   -81.222583  1157.819082
  -95.861522   -78.473020  1159.515267
  -98.450146   -78.295744  1158.743356
  -98.433719   -75.281668  1160.998726
  -98.221003   -71.993062  1161.852232
 -101.128008   -71.422137  1160.962807
 -101.182008   -68.170961  1163.254460
 -101.264859   -64.797867  1165.324572
 -101.335607   -61.319763  1167.310672
 -104.529600   -61.101641  1168.193427
 -101.469801   -57.596725  1170.051814
  -98.435268   -57.646140  1169.015551
  -98.418994   -61.455739  1167.563010
  -98.347570   -65.019035  1165.788745
  -98.261332   -68.534860  1163.858891
  -95.634135   -68.665640  1164.337169
  -95.705215   -72.237182  1162.544194
  -95.810554   -75.553823  1160.643636
  -93.248378   -75.391425  1160.763171
  -93.168104   -78.221668  1158.392272
  -92.941973   -81.024828  1156.822033
  -92.468421   -83.798086  1155.148730
  -92.006151   -86.618416  1154.432018
  -91.491959   -89.229974  1152.595018
  -91.052100   -91.850964  1151.657687
  -88.330072   -91.766982  1151.537965
  -87.864535   -94.481174  1150.464256
  -87.326004   -97.123708  1149.232310
  -86.886846   -99.797487  1149.166932
  -86.286838  -102.257295  1148.104488
  -85.676774  -104.850358  1147.263148
  -85.180435  -107.329433  1145.723120
  -84.692682  -110.133031  1144.971135
  -84.441873  -112.633680  1144.441650
  -84.108255  -115.316709  1143.956849
  -83.976246  -118.258318  1144.859163
  -83.753481  -121.026520  1144.793340
  -83.573087  -123.763242  1146.172356
  -83.289334  -126.379283  1146.353588
  -83.077741  -129.150039  1147.865487
  -82.811494  -131.782922  1148.065526
  -82.620349  -134.473875  1148.449751
  -79.477562  -133.953643  1147.722818
  -79.348743  -136.742831  1149.152085
  -76.198538  -136.348009  1148.397218
  -76.385915  -133.663484  1148.182525
  -76.460116  -130.933750  1146.842265
  -79.680409  -131.311323  1147.445481
  -79.913219  -128.722568  1147.242172
  -80.061519  -126.015297  1145.730185
  -80.258390  -123.459770  1145.697448
  -80.373818  -120.687671  1144.277432
  -80.644431  -118.012628  1144.500945
  -80.948368  -115.345715  1144.737295
  -81.366445  -112.719544  1145.312995
  -81.846753  -110.164554  1145.907984
  -82.175949  -107.472682  1146.166900
  -82.835485  -105.022148  1147.913348
  -83.347955  -102.294595  1147.570291
  -83.990946   -99.602623  1148.694875
  -84.580388   -96.884349  1148.914880
  -85.142724   -94.211466  1150.025993
  -85.651546   -91.416174  1150.851310
  -86.193977   -88.609640  1151.423330
  -88.796972   -89.063614  1152.471651
  -89.308611   -86.307426  1153.075288
  -89.917199   -83.546276  1154.637576
  -90.426726   -80.736601  1156.369789
  -90.821310   -78.228499  1159.397384
  -90.662445   -75.095953  1161.672536
  -90.560742   -71.808478  1163.496637
  -93.275097   -72.181757  1163.703471
  -93.124493   -68.528809  1165.463849
  -93.022901   -64.665128  1165.957797
  -95.638756   -64.969748  1166.078817
  -95.690447   -61.275701  1167.640275
  -95.645172   -57.422900  1168.868176
  -95.596833   -53.490516  1170.244259
  -92.837890   -52.747049  1169.602526
  -93.010397   -56.351699  1168.528872
  -95.197711  -191.339029  1145.396518
  -90.434314   -60.189050  1166.739603
  -90.351666   -64.112542  1165.508019
  -90.356310   -68.037171  1164.190152
  -87.560540   -67.220112  1163.565348
  -87.581274   -70.806133  1161.821734
  -88.289228   -74.664840  1160.782769
  -85.372803   -68.021117  1161.515344
  -84.797242   -62.303914  1163.097162
  -87.651104   -63.403878  1164.929491
  -88.278306   -59.987528  1172.196544
   28.325415   -17.409082   174.026778
 -103.727418  -153.341744  1144.410224
  -27.362209  -137.355890  1155.550547
   -2.873206   -87.216685  1018.790806
 -112.731564  -118.150310  1147.046236
  -37.870168  -162.523284  1146.649136
   20.551302   -42.805250   315.296282
 -105.601776  -167.212365  1142.137470
   21.944611   -30.089107   261.835881
  -48.307066   -30.334674  1165.471798
  -70.377613   -61.688198  1050.605110
  -86.382406   -58.237221  1165.264603
 -103.062833  -107.563358  1015.220172
  -97.180548  -143.084077  1075.211825
  -56.279193   -68.715796  1154.068161
  -39.279984   -80.242496  1166.196626
  -11.477812   -67.191152  1002.650390
  -46.646308   -41.741103  1162.524523
  -80.105857   -48.802043  1164.785656
  -34.638551  -162.474390  1148.557999
  217.224763   353.109304 -2416.536736
  -48.307883   -85.408182  1143.403633
 -102.960355  -113.410890  1143.680068
  -49.968475   -34.699187   760.708029
  -77.076362   -37.154412  1163.574279
  -77.399192   -40.347784  1162.759189
  -77.851784   -43.726138  1163.232029
  -78.520479   -47.281743  1163.824808
  -15.765719  -143.061642  1155.989008
  -59.798371   -78.828624  1158.468886
  -51.849094   -69.232441  1155.174899
  -51.839571   -56.271736  1151.617794
  -61.703332  -102.483043  1135.042950
   10.633610   -51.934335   483.686263
  -71.629979   -45.338843  1161.013929
  -71.263822   -42.424615  1160.403548
  -74.647969   -42.957752  1162.535370
  -74.178535   -39.823313  1161.874078
  -73.851677   -36.655765  1162.589641
  -70.575620   -36.196790  1161.520897
  -70.934498   -39.326285  1160.956055
  -67.473916   -39.270000  1160.171970
  -67.775314   -42.285692  1159.660059
  -68.034881   -45.090610  1160.204948
  -68.140065   -47.764284  1160.769745
  -66.061116   -50.364499  1122.764572
  -32.508537   -57.997276   842.038856
  -64.315893   -47.658320  1159.729889
  -64.340723   -45.081767  1159.458149
  -64.186087   -42.330723  1158.877352
  -63.937216   -39.402589  1159.516167
  -63.619400   -36.283018  1161.191676
  -67.146995   -36.118266  1161.898088
  -66.822411   -32.972855  1162.676486
  -70.192755   -33.104591  1162.446502
  -63.406066   -33.096864  1163.035860
  -59.958454   -33.256865  1162.289000
  -60.174910   -36.481716  1161.737318
  -60.428537   -39.529384  1159.979162
  -60.592473   -42.335514  1159.314402
  -60.729891   -45.083562  1160.052964
  -60.672561   -47.599955  1159.397203
  -60.647183   -50.420253  1157.659665
  -44.069160   -79.201405  1152.951809
  -56.928875   -47.599725  1159.961236
  -56.842651   -45.003631  1159.048947
  -56.869702   -42.339440  1159.635329
  -56.788003   -39.481135  1160.204620
  -56.673837   -36.482002  1162.057911
  -56.603355   -33.364742  1162.691539
  -53.403721   -33.281875  1162.818939
  -53.250465   -36.316663  1162.056850
  -53.173689   -39.324807  1161.359092
  -53.014034   -42.332343  1159.675126
  -87.803042  -105.288562  1147.095056
  -14.448144   -73.973522   562.715284
  -57.658718   -78.122984  1147.825660
  -16.502730  -158.593973  1172.804466
  -13.558151  -157.317758  1169.860722
  -18.517867  -168.533779  1206.907101
  -82.695688  -133.882451  1148.531122
  -63.779389  -190.180299  1140.107515
  -63.958641  -186.940340  1139.996811
   10.902727   -31.878493   309.036476
  -49.866793   -36.044770  1163.272552
  -50.122674   -32.973720  1164.197414
  -46.702698   -32.842906  1165.407855
  -46.385171   -35.907043  1164.477734
  -45.997558   -39.083641  1163.834903
  -45.757390   -42.446025  1162.635025
  -45.900848   -45.570818  1162.534316
  -45.780705   -48.343977  1163.896054
  -45.011689   -51.268442  1163.005860
  -51.045696   -69.119639  1154.553964
  -47.698201   -68.337427  1155.405497
   -8.634458  -103.690884  1156.771972
    5.523555   -53.018198  1259.793923
  -42.483130   -45.720665  1165.261003
  -42.445815   -42.722149  1165.062690
  -42.666544   -39.409749  1164.114269
  -43.011329   -36.146203  1165.962207
  -39.845436   -36.624557  1167.629359
  -39.597244   -39.879580  1166.938679
  -39.243697   -43.142343  1166.516784
  -38.132357   -46.214390  1157.566908
  -37.568392   -49.948602  1167.725878
  -69.219231   -98.331850  1145.062761
  -43.207238   -70.110468  1160.926542
 -109.916734  -151.177497  1152.582462
  -81.769464   -55.365524  1163.324262
  -62.139597   -25.331212  1170.580231
  -33.969575   -54.654786  1168.109344
  -34.104321   -51.026360  1167.325753
  -17.761137   -30.058596   622.564361
  -96.682181  -164.036644  1083.195274
  -36.492532   -40.397180  1168.473476
  -36.817415   -37.123074  1169.155546
  -33.330071   -41.051110  1171.042292
  -32.768369   -44.372198  1171.674138
  -32.581156   -47.197359  1171.212507
  -51.271754  -100.609722   761.030042
  -30.820633   -55.869984  1170.654657
  -31.169206   -59.261382  1169.954854
    5.158601   -31.585771   314.498664
 -149.208194  -247.979436  1471.431646
   10.998653   -42.782259   363.219860
  -27.375571   -71.705454  1169.536030
  -24.696684   -71.551571  1170.343671
  -15.365620  -143.541735  1164.626048
  -20.972101   -77.319142  1169.988398
  -20.618402   -80.324293  1167.898480
  -20.389361   -83.240452  1165.702652
  -22.868014   -83.012277  1164.004020
  -22.966686   -85.890726  1162.022584
  -25.167807   -85.386284  1159.482792
  -27.482969   -84.897841  1156.389761
  -27.940999   -87.837334  1155.759020
  -30.682149   -87.244546  1152.271354
  -33.834471   -86.681084  1150.541030
  -37.097563   -86.295754  1147.521821
  -18.827018   -50.605339  1180.302583
  -18.721980   -53.519070  1179.510967
  -49.812356   -86.985932  1143.043198
  -53.648549   -86.745592  1141.715011
  -58.113438   -48.588058  1160.109420
  -57.789386   -87.043564  1141.617046
  -61.740083   -87.118574  1141.060764
  -65.715122   -87.494823  1141.568638
  -68.739296   -88.225592  1142.861558
   13.740991   -23.969115   288.379373
  -29.194570  -126.548504  1152.667733
  -18.281608   -36.897220   653.717878
  -39.708208  -129.377083  1146.103627
  -11.665010   -74.286233  1170.842905
  -11.593020   -77.281582  1169.136604
  -33.899747   -82.779129   781.856385
  -80.489450  -102.045966  1148.080658
  -79.997027  -105.010911  1148.541141
  -79.473665  -107.714777  1148.192040
  -78.936108  -110.269495  1147.112945
  -78.380112  -112.798859  1146.135170
  -77.935056  -115.361494  1145.960004
  -77.394400  -117.741305  1144.212103
  -77.006604  -120.382414  1143.801898
  -76.943350  -123.176841  1145.213797
  -76.811400  -125.791318  1145.504578
  -76.668600  -128.414495  1146.737212
  -73.254725  -127.953546  1144.761281
  -73.232811  -130.609461  1146.273936
  -73.150096  -133.188901  1146.486932
  -73.109998  -135.979800  1147.783034
  -73.069057  -138.758575  1148.960324
  -69.999035  -138.348412  1147.201262
  -70.056032  -141.255761  1148.364989
  -66.987113  -140.880526  1146.528756
  -67.000735  -143.830964  1147.564866
  -66.943639  -146.666597  1147.610834
  -66.869492  -149.498368  1147.669057
  -69.837943  -149.662031  1148.392817
  -69.721018  -152.325168  1147.290066
  -69.504940  -154.890117  1145.089401
  -69.370434  -157.678422  1144.088601
  -69.190150  -160.459472  1143.048212
  -68.941372  -163.078626  1140.936247
  -68.752137  -165.852813  1139.891470
  -68.575031  -168.651215  1138.812992
  -71.388175  -168.612028  1138.422871
  -71.268345  -171.430974  1137.391864
  -71.217500  -174.373946  1137.297635
  -74.136073  -174.529925  1138.135415
  -76.986200  -174.461802  1137.619744
  -79.903324  -174.539752  1138.023369
  -82.859412  -174.632139  1138.605413
  -85.825082  -174.731468  1139.080485
  -88.796082  -174.840160  1139.674025
  -91.777284  -174.952383  1140.091217
  -94.882527  -175.220955  1141.812225
  -94.911850  -178.334636  1143.112421
  -97.928807  -178.463218  1143.654206
 -101.057606  -178.785001  1145.405548
 -104.138708  -179.039224  1146.944985
 -107.318049  -179.508550  1149.724558
 -110.483192  -179.976922  1152.530517
 -113.784278  -180.574450  1156.418278
 -113.815093  -177.422806  1155.276633
 -110.539164  -176.831459  1151.326444
 -107.391432  -176.383465  1148.520087
 -107.262821  -182.633090  1150.841020
 -110.455945  -183.081585  1153.642844
 -110.352812  -186.069378  1153.613264
 -107.143382  -185.608062  1150.849960
 -107.158215  -188.777065  1151.926051
 -107.081759  -191.781449  1151.876495
 -103.976157  -191.440285  1150.202304
 -103.907589  -194.452393  1150.151851
 -100.812089  -194.126690  1148.504231
 -100.836856  -197.342450  1149.632541
  -97.737678  -197.065102  1148.027405
  -97.777024  -200.292612  1149.243255
  -94.676428  -199.973714  1147.538087
  -94.618660  -202.983253  1147.636649
  -91.655021  -202.898808  1147.111095
  -91.612004  -199.678181  1145.899317
  -91.704464  -196.669465  1145.904868
  -94.669677  -196.761862  1146.399265
  -94.761499  -193.760037  1146.323836
  -97.728669  -193.857910  1146.873949
  -97.837842  -190.858771  1146.879890
 -100.890467  -191.112979  1148.509358
 -100.894735  -187.935951  1147.424490
 -103.963834  -188.263318  1149.149062
 -104.066408  -185.285185  1149.185359
 -104.091998  -182.148416  1148.067597
 -101.008804  -181.871972  1146.382403
 -101.003864  -184.969481  1147.507105
  -97.940109  -184.702636  1145.829161
  -97.853375  -187.683579  1145.792088
  -94.887093  -187.567602  1145.204484
  -94.781639  -190.574940  1145.195162
  -91.724644  -190.294443  1143.531967
  -91.705318  -193.479714  1144.681169
  -88.753242  -193.442973  1144.199943
  -88.649929  -196.430519  1144.213037
  -88.637580  -199.624247  1145.340965
  -88.593636  -202.627399  1145.411034
  -85.639234  -202.522866  1144.840426
  -85.608895  -205.581624  1145.094031
  -82.623703  -205.461331  1144.244862
  -82.681277  -202.404941  1144.264767
  -82.680165  -199.218240  1143.110234
  -85.685297  -199.524493  1144.757144
  -85.697469  -196.335289  1143.606648
  -85.712982  -193.163536  1142.458531
  -85.816876  -190.162004  1142.412752
  -88.771503  -190.257646  1143.041955
  -88.787384  -187.055858  1141.882051
  -91.832922  -187.285627  1143.540388
  -91.824826  -184.163113  1142.524604
  -94.881081  -184.409678  1144.179044
  -94.848159  -181.264544  1143.110990
  -97.927422  -181.559512  1144.719237
  -91.863605  -181.192842  1142.535535
  -91.810668  -178.064573  1141.336162
  -88.829473  -177.946715  1140.829694
  -88.791096  -180.900881  1140.816432
  -88.852002  -184.055273  1141.910399
  -85.790522  -183.754970  1140.132355
  -85.826274  -186.949483  1141.234653
  -82.877551  -186.908367  1140.646558
  -82.797662  -189.887933  1140.669880
  -82.785809  -193.120177  1141.912018
  -82.762555  -196.233130  1143.027932
  -79.803563  -196.136459  1142.367020
  -79.804234  -199.313380  1143.610176
  -79.723449  -202.300171  1143.663605
  -79.731071  -205.488426  1144.834384
  -76.775381  -205.316858  1144.187931
  -76.767565  -202.134639  1143.035250
  -76.850710  -199.166681  1143.008521
  -76.858864  -196.005514  1141.810800
  -76.871500  -192.848898  1140.595592
  -79.834010  -192.994053  1141.240077
  -79.853080  -189.822223  1140.051896
  -79.922413  -186.807726  1139.974653
  -79.891651  -183.614586  1138.917327
  -82.838601  -183.709130  1139.545370
  -82.775919  -180.556692  1138.529672
  -85.812531  -180.782990  1140.209143
  -85.871735  -177.842938  1140.323589
  -82.817154  -177.559820  1138.634242
  -79.852633  -177.486508  1138.029303
  -79.842308  -180.465925  1137.977999
  -76.913770  -180.359867  1137.354102
  -76.958276  -183.518013  1138.342957
  -76.976345  -186.700291  1139.352424
  -76.972922  -189.883541  1140.504284
  -74.018719  -189.782632  1139.879787
  -73.991179  -192.920774  1141.081258
  -73.960760  -196.064235  1142.288341
  -73.888534  -199.037388  1142.372244
  -73.889128  -202.206437  1143.532659
  -73.891904  -205.382537  1144.649601
  -70.937238  -205.197866  1144.001515
  -70.934018  -202.024716  1142.848708
  -70.999245  -199.056461  1142.799216
  -71.013083  -195.904397  1141.608123
  -71.037147  -192.760673  1140.381876
  -71.132038  -189.799095  1140.341896
  -71.147712  -186.644974  1139.221010
  -74.030453  -186.621602  1138.779630
  -74.024900  -183.451212  1137.744710
  -74.056131  -180.450939  1137.792853
  -74.091086  -177.486994  1137.954340
  -76.945142  -177.408047  1137.520869
  -71.170096  -177.350053  1137.257444
  -71.131236  -180.329506  1137.139917
  -71.146095  -183.492107  1138.162660
  -68.201577  -183.322699  1137.509555
  -68.189242  -186.467220  1138.550014
  -68.169467  -189.610014  1139.657624
  -68.146006  -192.749691  1140.799573
  -68.122288  -195.905057  1141.997894
  -68.042618  -198.872562  1142.081342
  -68.044625  -202.036819  1143.254998
  -68.048826  -205.211272  1144.409542
  -65.157455  -205.272045  1144.840608
  -65.153547  -202.088269  1143.674650
  -65.160888  -198.922134  1142.523323
  -65.235011  -195.944304  1142.422163
  -65.253091  -192.779305  1141.234236
  -65.275421  -189.638291  1140.119084
  -65.298703  -186.494929  1139.004256
  -65.318509  -183.357090  1137.915513
  -65.382714  -180.384183  1137.930812
  -68.268679  -180.340312  1137.562177
  -68.334665  -177.387069  1137.698703
  -68.382754  -174.405922  1137.745400
  -68.438636  -171.463283  1137.738992
  -65.601775  -171.503558  1138.060761
  -65.520009  -174.455983  1138.041308
  -65.389194  -177.248741  1136.899316
  -62.515922  -177.225083  1137.191706
  -62.497908  -180.357464  1138.281650
  -62.424529  -183.320320  1138.280008
  -62.404710  -186.462856  1139.401661
  -62.378843  -189.604103  1140.528018
  -62.355584  -192.754867  1141.657084
  -62.277867  -195.733260  1141.709611
  -62.266558  -198.903779  1142.869061
  -62.259433  -202.077561  1144.007253
  -62.261194  -205.271943  1145.186585
  -59.311639  -205.116623  1144.478556
  -59.369240  -202.117462  1144.444771
  -59.373861  -198.886925  1143.269304
  -59.383185  -195.703305  1142.085909
  -59.401230  -192.539080  1140.947396
  -59.477420  -189.559744  1140.909799
  -59.502952  -186.413502  1139.777810
  -59.527445  -183.276447  1138.638430
  -59.614427  -180.322179  1138.647969
  -59.647953  -177.195956  1137.567692
  -59.738167  -174.242560  1137.569312
  -62.595907  -174.272353  1137.260323
  -62.743712  -171.480139  1138.351712
  -62.842649  -168.533568  1138.319478
  -65.694790  -168.574142  1138.092369
  -65.862679  -165.763327  1139.128506
  -66.029890  -162.984577  1140.216844
  -66.256980  -160.399601  1142.383581
  -66.399099  -157.621291  1143.375062
  -66.524130  -154.784941  1144.417226
  -66.730603  -152.199428  1146.582095
  -63.716547  -151.972814  1144.711442
  -63.572508  -154.712492  1143.663662
  -63.442153  -157.484767  1142.629945
  -63.311952  -160.250530  1141.583841
  -63.168728  -162.988019  1140.522389
  -63.003632  -165.749025  1139.384348
  -60.140693  -165.741971  1139.783912
  -59.985262  -168.514930  1138.712504
  -59.887212  -171.449996  1138.656467
  -57.027567  -171.461277  1139.103893
  -56.925620  -174.356523  1139.005287
  -56.821827  -177.354270  1139.035369
  -56.730067  -180.317346  1139.047850
  -56.638637  -183.272995  1139.058463
  -56.604502  -186.406106  1140.169770
  -56.576360  -189.549312  1141.268111
  -56.501971  -192.532890  1141.305152
  -56.493502  -195.706429  1142.478380
  -56.481205  -198.894004  1143.639972
  -56.476697  -202.090877  1144.822535
  -56.422234  -205.099078  1144.861593
  -53.542652  -205.071748  1145.276006
  -53.511873  -208.234079  1146.110875
  -50.675852  -208.270121  1146.802779
  -50.724990  -205.236688  1146.722867
  -50.724325  -202.024447  1145.591686
  -53.603480  -202.060943  1145.275946
  -53.597472  -198.838787  1143.985095
  -53.605887  -195.656360  1142.835552
  -53.619538  -192.482239  1141.690289
  -53.691689  -189.494905  1141.649931
  -53.712725  -186.340020  1140.518458
  -53.748357  -183.203423  1139.401877
  -53.853463  -180.245008  1139.418018
  -53.953171  -177.289910  1139.417050
  -54.050273  -174.322694  1139.361425
  -54.149130  -171.371855  1139.441024
  -54.235029  -168.445601  1139.475114
  -57.121385  -168.524380  1139.133980
  -57.267085  -165.760771  1140.194444
  -57.349536  -162.821240  1140.119609
  -60.284167  -162.979488  1140.802767
  -60.420113  -160.238548  1141.894856
  -60.551516  -157.475411  1142.949431
  -60.685002  -154.711373  1143.965808
  -57.721841  -154.559557  1143.150566
  -57.586737  -157.318393  1142.126731
  -57.465054  -160.065774  1141.078327
  -54.570944  -160.069863  1141.473892
  -54.511374  -162.962060  1141.595612
  -54.372692  -165.683519  1140.492399
  -51.509893  -165.611467  1140.974534
  -51.392347  -168.383079  1139.925109
  -51.299214  -171.290417  1139.847156
  -51.198234  -174.236533  1139.752812
  -51.088988  -177.199473  1139.761226
  -50.974319  -180.152273  1139.704123
  -50.920274  -183.289010  1140.802388
  -50.834820  -186.266381  1140.860925
  -50.810272  -189.464172  1141.974875
  -50.793331  -192.628602  1143.101963
  -50.735429  -195.624214  1143.189676
  -50.725514  -198.804626  1144.327322
  -47.858584  -198.707504  1144.676909
  -47.853377  -201.918326  1145.858385
  -47.842925  -205.147453  1147.050154
  -47.837364  -208.373359  1148.204257
  -44.962506  -208.340273  1148.602554
  -44.972160  -205.093645  1147.427843
  -44.983664  -201.821851  1146.245213
  -44.986386  -198.627532  1145.093703
  -45.027743  -195.641939  1145.024589
  -47.913130  -195.718256  1144.634476
  -47.915778  -192.549494  1143.440585
  -47.917263  -189.383013  1142.264815
  -47.938781  -186.226838  1141.159728
  -48.026364  -183.253020  1141.150155
  -48.082653  -180.108842  1140.051205
  -48.197177  -177.148474  1140.106855
  -48.305541  -174.188309  1140.108936
  -48.416850  -171.221046  1140.158998
  -48.567372  -168.449669  1141.239500
  -48.678432  -165.640072  1142.271087
  -48.743166  -162.777921  1142.374369
  -51.629691  -162.885553  1142.008727
  -51.724994  -160.144762  1142.909496
  -51.821607  -157.387599  1143.843815
  -54.685933  -157.314246  1142.408144
  -54.811217  -154.554950  1143.464163
  -51.943993  -154.638339  1144.825309
  -49.074731  -154.702236  1146.311495
  -48.959837  -157.431321  1145.287997
  -48.870503  -160.184180  1144.329165
  -45.946916  -160.081140  1144.623410
  -45.873133  -162.848402  1143.685390
  -45.798541  -165.581730  1142.641470
  -45.699634  -168.342562  1141.594913
  -45.602269  -171.289160  1141.576784
  -45.433404  -174.092340  1140.511854
  -45.304548  -177.044738  1140.465561
  -45.233806  -180.189590  1141.541770
  -45.123780  -183.160921  1141.476010
  -45.077308  -186.320147  1142.571949
  -45.015070  -189.311644  1142.628044
  -45.019000  -192.481360  1143.827226
  -42.118378  -192.450209  1144.184200
  -42.134379  -195.607249  1145.365743
  -42.145092  -198.781488  1146.537967
  -42.099315  -201.784570  1146.602223
  -42.088795  -205.003598  1147.768593
  -42.079589  -208.248554  1148.934509
  -39.163392  -208.157507  1149.133198
  -39.172228  -204.909339  1147.970805
  -39.234744  -201.899261  1148.009642
  -39.247787  -198.714741  1146.890231
  -39.275822  -195.721423  1146.804138
  -39.248378  -192.547443  1145.550503
  -39.230979  -189.372136  1144.322760
  -42.146597  -189.457170  1144.058266
  -42.168365  -186.281766  1142.910377
  -42.221178  -183.066226  1141.841848
  -42.333555  -180.081961  1141.911007
  -42.454557  -177.075375  1141.894818
  -42.592573  -174.127963  1141.921414
  -42.743417  -171.195302  1142.051721
  -42.834913  -168.245103  1142.016632
  -42.925055  -165.483610  1142.963758
  -43.022980  -162.888854  1145.092234
  -43.071519  -160.088498  1146.069253
  -43.165955  -157.315754  1147.074295
  -46.091114  -157.468346  1146.741969
  -46.194367  -154.698597  1147.671334
  -43.336658  -154.770474  1149.190297
  -43.470571  -152.173896  1150.260411
  -43.539424  -149.467247  1150.061093
  -43.603338  -146.742172  1149.979503
  -43.686244  -143.967990  1149.810381
  -43.767584  -141.051119  1148.614660
  -40.962247  -141.509071  1151.054382
  -40.939469  -144.322775  1152.326890
  -40.898859  -147.027766  1152.600559
  -40.755957  -149.638152  1151.686578
  -40.595225  -152.120237  1150.630427
  -40.407081  -154.668888  1149.497116
  -40.254218  -157.313873  1148.472872
  -40.181159  -160.094521  1147.469754
  -39.834922  -171.126042  1142.381693
  -39.730531  -174.116026  1142.492945
  -39.577143  -177.029281  1142.334811
  -39.434225  -180.010013  1142.239256
  -39.354601  -183.192046  1143.280056
  -39.253463  -186.193918  1143.207846
  -36.373302  -186.272409  1144.565308
  -36.349648  -189.471443  1145.730209
  -36.335074  -192.466480  1145.835024
  -36.362253  -195.631646  1147.032720
  -36.373960  -198.866292  1148.244038
  -36.319488  -201.854159  1148.248709
  -36.294410  -205.068244  1149.335881
  -36.291049  -208.340817  1150.620140
  -33.369102  -208.264403  1150.953457
  -33.417723  -205.214542  1150.838625
  -33.436201  -201.969646  1149.618115
  -33.453735  -198.774293  1148.486188
  -33.480138  -195.768584  1148.370255
  -33.447840  -192.597590  1147.176738
  -33.431172  -189.420940  1146.015024
  -33.447992  -186.210367  1144.831896
  -33.552430  -183.129827  1144.807493
  -36.436757  -183.075841  1143.469170
  -36.569584  -180.070529  1143.517547
  -36.678746  -176.943693  1142.583501
  -33.804326  -176.973650  1143.832383
  -33.671491  -179.954797  1143.802961
  -30.798714  -180.040898  1145.186581
  -30.641308  -183.045535  1145.095727
  -30.563157  -186.258727  1146.199819
  -30.547108  -189.469434  1147.368956
  -30.570451  -192.655151  1148.555994
  -30.561260  -195.643357  1148.610244
  -30.562103  -198.860613  1149.840548
  -30.548629  -202.097069  1151.035641
  -30.493924  -205.191896  1151.149702
  -30.470636  -208.433761  1152.328593
  -27.558927  -208.535903  1153.655674
  -27.596214  -205.271564  1152.454176
  -27.657372  -202.216480  1152.387007
  -27.674357  -198.968380  1151.172674
  -27.677959  -195.741257  1149.977862
  -27.689936  -192.690010  1149.944357
  -27.667887  -189.503502  1148.756839
  -27.685261  -186.296978  1147.606137
  -27.767566  -183.076669  1146.502200
  -27.921235  -180.060410  1146.502754
  -25.031735  -180.072869  1147.809871
  -24.883097  -183.138931  1147.853022
  -24.810435  -186.350710  1148.988389
  -24.802553  -189.559945  1150.130408
  -24.815076  -192.753209  1151.328171
  -24.798144  -195.788094  1151.395230
  -24.784133  -199.012317  1152.506984
  -24.757460  -202.259107  1153.650280
  -24.723990  -205.538913  1154.847771
  -24.636481  -208.598955  1154.857236
  -21.748603  -208.930165  1157.340999
  -21.805366  -205.645318  1156.215807
  -21.851546  -202.353547  1155.011858
  -21.907630  -199.215783  1154.927055
  -21.932843  -195.982355  1153.814904
  -21.947615  -192.771369  1152.711961
  -21.930573  -189.564117  1151.506883
  -21.934116  -186.339411  1150.310240
  -22.014357  -183.316730  1150.265871
  -22.124885  -180.144273  1149.126403
  -19.228882  -180.346625  1151.543928
  -19.108956  -183.331933  1151.597847
  -19.062910  -186.524268  1152.747125
  -19.057545  -189.780059  1153.955630
  -19.043390  -192.814212  1154.012948
  -19.022660  -196.027458  1155.103435
  -18.988662  -199.281827  1156.246556
  -18.945362  -202.561986  1157.415710
  -18.891028  -205.871140  1158.619049
  -15.965017  -206.070255  1160.930976
  -16.026514  -202.773036  1159.779985
  -16.067818  -199.493792  1158.610579
  -16.103145  -196.229996  1157.458769
  -16.132695  -193.000900  1156.348917
  -16.152314  -189.775818  1155.179429
  -16.186593  -186.756380  1155.143265
  -16.225601  -183.575721  1154.030871
  -16.284323  -180.359306  1152.713502
  -13.363935  -180.621684  1155.090030
  -13.339073  -183.778159  1156.386309
  -13.298348  -186.958670  1157.497983
  -13.239462  -189.982848  1157.528377
  -13.203942  -193.209441  1158.664180
  -13.170643  -196.456046  1159.817173
  -13.133184  -199.766503  1160.977858
  -13.089683  -203.062162  1162.159339
  -10.189848  -200.032073  1163.385404
  -10.238443  -196.752676  1162.238484
  -10.274670  -193.484087  1161.047089
  -10.322253  -190.247088  1159.891075
  -10.385727  -187.180963  1159.885610
  -10.427677  -184.009078  1158.781603
  -10.434032  -180.864240  1157.577755
   -7.494203  -181.094214  1159.968550
   -7.494456  -184.289037  1161.142722
   -7.457676  -187.459265  1162.273065
   -7.406329  -190.654180  1163.375597
   -7.351259  -193.718239  1163.420092
   -7.297824  -196.997345  1164.608364
   -4.408382  -194.193158  1166.974296
   -4.458943  -190.890711  1165.766991
   -4.509474  -187.690402  1164.659411
   -4.551620  -184.700494  1164.693075
   -4.547527  -181.547270  1163.543287
    1.636076  -173.185054  1169.252327
    1.628915  -170.050818  1168.350365
    1.397019  -166.647881  1165.494315
    1.113586  -163.884339  1167.038619
    0.920834  -160.942983  1166.899034
    0.822729  -158.054446  1166.704320
    0.867072  -155.488223  1168.701593
    1.241459  -152.812247  1169.391626
    1.492112  -150.434373  1171.276434
  -74.106783   -57.570574  1156.002813
   79.268624    42.050261  -325.497475
  -73.141530  -159.153241  1144.990550
 -111.296908   -69.253881  1102.176710
   -1.997118  -142.469368  1165.961689
   -4.817282  -142.477990  1163.565233
   -5.195779  -139.831524  1163.372524
   -7.980479  -139.527729  1161.353222
  -10.683654  -139.344862  1160.495714
  -13.467365  -139.062232  1159.438469
  -16.378366  -138.732680  1158.191037
  -19.468297  -138.293333  1156.603136
  -22.717499  -138.080104  1156.403569
  -25.963338  -137.753640  1155.008849
  -29.150675  -137.546689  1154.780610
  -32.284605  -137.264624  1154.382729
  -35.252156  -136.910410  1153.924668
  -38.150500  -136.355142  1151.198568
  -40.941184  -136.023313  1148.694621
  -40.938374  -138.748189  1149.834922
  -38.183326  -139.093200  1152.541202
  -38.248637  -141.740737  1152.822921
  -35.311960  -139.461926  1154.183272
  -32.317598  -139.714927  1154.406562
  -33.916739  -137.287301  1171.031205
  -35.193334  -134.227320  1152.574159
  -38.124245  -133.689678  1149.905750
  -40.980377  -133.285436  1147.069195
  -38.107422  -131.227017  1149.610629
  -35.144897  -131.701185  1152.228162
  -34.988546  -129.108767  1150.655495
  -34.843834  -126.629741  1150.430640
  -31.713116  -126.959869  1151.886915
  -31.891112  -129.503158  1152.199169
  -32.036085  -132.177234  1153.571008
  -28.916621  -132.547199  1153.861983
  -29.109015  -135.168069  1154.475023
  -26.118061  -135.558063  1155.032354
  -25.927433  -133.074686  1155.429965
  -25.750325  -130.401133  1154.814529
  -28.789638  -129.947986  1153.541559
  -28.621345  -127.275214  1153.171077
  -28.393555  -124.461558  1151.805665
  -31.553882  -124.316041  1151.730489
  -31.449189  -121.496497  1150.676201
  -28.253212  -121.701335  1151.766241
  -28.186380  -118.944151  1152.037849
  -28.102858  -116.184693  1152.580019
  -28.033226  -113.601742  1153.133509
  -28.020182  -111.290125  1155.151389
  -27.875957  -108.915664  1156.058938
  -11.915935   -55.393824   559.501963
  -30.328191  -105.973312  1154.516974
  -20.418564   -70.068288   952.359894
  -32.743037  -102.187788  1153.181238
  -35.421291  -102.252352  1153.617973
   19.466400   -32.170785   243.803914
  -31.710425  -211.790095  1155.631550
  -34.315250  -211.261840  1151.653313
  -49.275473   -97.053318  1143.401463
  -53.053681   -96.819419  1143.448104
  -54.235377   -96.720873  1134.402021
  -36.409186  -148.707651  1153.638207
   -4.846761   -57.814166   694.580831
  -52.048959   -74.719553  1010.487783
  -90.843337  -204.801875  1147.030611
  -74.831206  -101.402487  1147.630661
  -77.546992  -101.608620  1147.420947
  -76.977309  -104.382310  1147.021305
  -78.048332   -98.605181  1147.196082
  -78.615319   -95.719768  1147.287008
  -79.257878   -93.001111  1148.160805
  -75.922642   -92.122324  1145.768120
  -75.402944   -94.960675  1146.015221
  -74.916740   -97.886497  1146.053358
  -71.659799   -97.047537  1145.226174
  -72.022270   -94.134612  1145.092603
  -72.545026   -91.360738  1144.632554
  -68.982212   -90.699727  1143.635936
  -68.518888   -93.380656  1144.369879
  -68.163065   -96.244238  1144.644555
  -64.494653   -95.409233  1144.198806
  -64.785652   -92.725632  1143.539164
  -65.215792   -90.109345  1142.632594
  -61.403398   -89.725070  1142.134643
  -61.089397   -92.311338  1143.035473
  -60.800578   -94.828838  1142.623117
  -57.220283   -94.660971  1143.094651
  -57.411718   -92.117387  1142.021448
  -57.640973   -89.633384  1142.398496
  -53.677438   -89.753423  1142.743236
  -53.494845   -92.326519  1143.685841
  -53.340215   -94.649534  1143.293164
  -49.362024   -94.791185  1143.917730
  -49.507321   -92.413544  1144.441849
  -49.709977   -89.847567  1143.392331
  -45.906895   -89.953140  1144.075632
  -45.857311   -92.582074  1145.086971
  -45.863921   -95.253982  1146.060279
  -42.261165   -95.979428  1147.524801
  -42.219419   -93.200833  1146.759267
  -42.110374   -90.508372  1145.773421
  -38.444848   -91.395134  1149.016204
  -38.660949   -94.164118  1149.677777
  -38.750508   -97.219912  1150.071162
  -35.453446   -98.213420  1151.893223
  -35.281252   -95.136005  1151.393410
  -34.980226   -92.235435  1150.763970
  -34.457685   -89.424431  1150.074083
  -37.697603   -89.166685  1148.530438
  -46.661817  -133.261987  1869.719530
  -31.863692   -93.156740  1154.013852
  -32.195045   -96.096940  1154.516153
  -32.457736   -99.029055  1153.466009
  -29.624059   -99.874151  1156.159305
  -30.040739  -102.981171  1156.034275
  -27.225067  -103.460920  1157.321514
  -26.837069  -100.470404  1157.442777
  -26.455271   -97.414521  1157.612098
  -29.252581   -96.850752  1156.203674
  -28.955100   -93.879841  1156.047425
  -28.491497   -90.931283  1156.489027
  -25.947114   -91.428103  1158.435747
  -26.215092   -94.486067  1158.697623
  -23.546551   -94.806285  1159.851991
  -23.718560   -97.821719  1159.645132
  -24.011828  -100.676950  1158.346509
  -24.375581  -103.523698  1158.363275
  -55.196412   -54.366008   809.730819
   52.309149     8.508057   -77.505259
  -25.017553  -110.631655  1153.904355
  -25.004130  -113.291393  1153.057935
  -24.974235  -115.973934  1152.406010
  -25.000010  -118.832017  1151.852733
  -25.153658  -121.902753  1152.933918
  -25.321173  -124.735061  1153.074317
  -25.556640  -127.639943  1154.482762
  -22.504109  -127.898886  1154.625758
  -22.750470  -130.677081  1155.250790
  -22.980904  -133.414564  1156.057076
  -23.002025  -135.942205  1156.616989
  -19.874509  -136.197542  1157.007147
  -19.968128  -133.640547  1156.447067
  -19.811255  -131.015304  1156.792011
  -19.543188  -128.196279  1156.028444
  -19.251190  -125.222485  1154.305017
  -22.285652  -125.073247  1154.222636
  -22.076508  -121.986811  1153.009667
  -21.942347  -119.008723  1153.031242
  -21.852223  -116.011490  1153.290733
  -21.824348  -112.917322  1152.652816
  -21.891824  -110.296454  1154.571677
  -21.942172  -107.710536  1155.378539
  -21.840714  -105.256141  1156.504042
  -21.718093  -101.979191  1157.744967
    5.739151  -183.646554  1179.061930
  -20.984249   -97.892026  1160.079389
  -20.845251   -94.963133  1161.494090
  -20.749580   -92.097655  1162.609113
  -23.454031   -91.861715  1160.997100
  -23.212595   -88.905602  1161.433104
  -25.531732   -88.431369  1158.839286
  -20.015594   -88.293523  1165.363204
  -20.500422   -86.196513  1163.947031
  -17.720945   -86.128144  1164.947783
  -17.759344   -89.097934  1164.300981
  -17.846183   -91.900027  1162.447573
  -18.027346   -94.652438  1161.521844
  -18.249503   -97.230501  1160.252838
  -18.477196   -99.616227  1159.054588
  -18.636576  -101.964138  1156.763187
  -18.737478  -104.548791  1155.928722
  -18.771186  -107.229348  1154.999536
  -18.710664  -110.034459  1154.222068
  -18.685026  -112.967178  1153.629563
  -18.698927  -116.007710  1153.121411
  -18.849455  -119.078153  1152.996340
  -19.039407  -122.267887  1154.121038
  -15.954966  -122.361421  1154.134517
  -16.245833  -125.476918  1155.605143
  -16.549766  -128.358046  1156.242862
  -16.843166  -131.166082  1157.058726
  -16.983262  -133.956404  1157.877387
  -16.840841  -136.595655  1158.643662
  -13.963546  -136.659941  1158.900420
  -14.090953  -134.177171  1159.301162
  -13.923339  -131.389986  1158.463004
  -13.572440  -128.477903  1156.426784
  -13.206318  -125.587086  1155.760138
  -12.910141  -122.580475  1155.413719
  -12.640951  -119.377789  1154.071261
  -15.756789  -119.296849  1154.006063
  -15.562958  -116.082119  1152.979761
  -15.487696  -112.990281  1153.328719
  -15.485374  -109.889559  1153.816940
  -15.508820  -106.877392  1154.420044
  -15.509499  -104.146912  1156.279749
  -15.499021  -101.453760  1157.170672
  -15.423488   -98.841214  1158.125100
  -15.271792   -96.419069  1160.297234
  -15.079664   -93.933361  1161.361670
  -14.858116   -91.414141  1163.336536
  -14.686115   -88.598429  1164.051861
  -14.647207   -85.659158  1165.753964
  -14.735982   -82.593658  1167.175378
  -17.792500   -83.111466  1166.461592
  -17.966355   -80.045645  1167.493190
  -18.233351   -76.951041  1169.696531
  -18.547441   -73.699671  1171.468751
  -21.295972   -74.039226  1171.506475
  -21.598459   -70.472601  1172.246575
  -24.564189   -69.815521  1171.638376
  -24.767912   -66.009272  1171.875097
  -27.795033   -64.856968  1169.792150
  -27.808458   -61.188109  1172.111458
  -27.829153   -58.175670  1172.759534
  -36.581328  -161.263358  1148.296256
  -83.490433  -195.371458  1555.409951
  -29.783952   -45.290034  1174.236186
  -30.258504   -41.849769  1173.662393
  -26.909252   -45.662817  1175.713456
  -48.102223  -153.690235  1147.007082
  -23.628161   -76.379739   646.271824
  -31.354694   -58.168820  1169.144077
 -103.050569  -153.621453  1428.036421
  -22.168842   -62.858533  1175.072620
  -21.914415   -66.664272  1173.612113
  -19.203655   -66.746655  1174.175921
  -18.884709   -70.271932  1173.376565
  -16.033181   -69.714392  1172.332503
  -15.702043   -73.006185  1171.376535
  -15.311538   -76.195183  1169.235729
  -14.971475   -79.400445  1168.276788
  -11.790285   -78.823836  1169.161185
  -11.520882   -81.999795  1167.967219
  -11.426553   -85.085309  1166.723257
  -11.463457   -88.031974  1165.180343
  -11.665929   -90.709107  1163.255715
  -11.954588   -93.207944  1161.355676
  -12.121432   -95.819412  1160.577158
  -12.163038   -98.420650  1158.606760
  -12.197344  -101.094860  1157.752569
  -12.153821  -103.864262  1155.762418
  -12.150100  -106.837290  1155.082428
  -12.229789  -109.989358  1154.626492
  -12.316546  -113.113417  1154.301903
  -12.464789  -116.256267  1154.119174
   -9.312686  -116.401633  1155.307213
   -9.537702  -119.557585  1155.343938
   -9.828317  -122.631928  1155.573498
  -10.203294  -125.663289  1156.032890
  -10.594586  -128.720710  1157.688439
  -10.946628  -131.481401  1158.572316
  -11.181463  -134.177243  1159.408954
  -11.089487  -136.819146  1159.955675
   -8.275150  -137.077004  1161.989085
   -8.244497  -134.292890  1160.433016
   -7.991598  -131.642445  1159.751423
   -7.616398  -128.773899  1157.894833
   -7.210019  -125.880031  1157.342155
   -6.820537  -122.795566  1157.035964
   -6.470241  -119.739349  1156.700639
   -6.150287  -116.464546  1155.314723
   -5.896768  -113.403623  1156.568935
   -9.132192  -113.251262  1155.450816
   -8.952994  -110.097096  1155.605340
   -8.808018  -106.944192  1155.898890
   -8.773070  -103.826850  1156.532205
   -8.770508  -100.973096  1158.411208
   -8.716618   -98.154675  1159.116137
   -8.600066   -95.519683  1161.115939
   -8.475415   -92.887346  1163.026237
   -8.337099   -90.241719  1164.755126
   -8.204162   -87.504618  1166.504753
   -8.205460   -84.597307  1168.096077
   -8.353680   -81.503307  1169.362425
   -8.625120   -78.319984  1170.592918
   -8.984066   -75.096427  1171.765613
  -12.203125   -75.585883  1170.320077
  -12.620393   -72.370354  1171.402658
  -12.991049   -69.194869  1173.583158
  -13.309716   -65.867220  1175.599089
  -16.366470   -66.378287  1174.328685
  -16.683644   -62.904259  1176.060676
  -19.527074   -63.198649  1175.748415
  -19.239757   -56.816317  1140.835644
  -10.580728   -43.924748   680.063246
    2.420102   -45.520935   551.417761
  -23.370863   -50.626907  1174.869193
 -247.526615  -167.490232  3778.320197
  -16.988596   -58.868960  1177.322589
  -13.602859   -62.314063  1177.448183
  -10.078532   -65.297344  1175.932914
   -9.742439   -68.695614  1175.150323
   -9.365074   -71.894787  1172.917577
   -6.113006   -71.545081  1174.603362
   -5.747949   -74.772663  1173.434446
   -5.431898   -77.988190  1172.290411
   -5.201651   -81.210960  1171.162000
   -5.038748   -84.272871  1169.824805
   -4.949426   -87.228575  1168.232672
   -5.000067   -90.027803  1166.586688
   -5.073066   -92.760736  1164.857085
   -5.173631   -95.448545  1163.032318
   -5.268737   -98.158548  1161.120674
   -5.347413  -100.997426  1159.239776
   -5.392464  -103.905173  1157.484091
   -5.519541  -107.034120  1157.083536
   -5.681341  -110.191063  1156.735531
   -2.452257  -110.304291  1157.857589
   -2.690889  -113.545977  1157.844867
   -3.023961  -116.710886  1157.913578
   -3.400115  -119.921471  1157.895820
   -3.800304  -122.975710  1158.211034
   -4.221821  -125.987166  1158.661666
   -4.628847  -128.869517  1159.182089
   -4.993195  -131.731933  1160.822949
   -5.262174  -134.345388  1161.256131
   -5.344943  -137.117976  1162.539510
   -2.351422  -137.031231  1163.330514
   -2.253720  -139.865289  1165.312055
    0.760301  -139.619297  1167.380922
    0.688839  -136.972287  1165.465266
    0.804143  -134.328620  1164.324277
   -2.228241  -134.344526  1162.175638
   -1.964022  -131.727654  1161.899926
   -1.617447  -128.884736  1160.335481
   -1.241331  -126.033245  1159.977202
   -0.801692  -123.058608  1159.623132
   -0.359535  -120.009344  1159.267046
    0.052170  -116.846176  1159.010808
    0.442728  -113.624909  1159.087054
    0.752881  -110.555213  1160.327936
    0.971696  -107.362418  1160.565685
   -2.244211  -107.144254  1158.101430
   -2.097109  -104.110892  1159.794005
   -2.001299  -101.157668  1161.476449
   -1.942376   -98.197401  1162.081326
   -1.898399   -95.502054  1165.230934
   -1.821425   -92.774240  1166.971999
   -1.805430   -90.020867  1168.725865
   -1.867294   -87.155010  1170.349595
   -1.966948   -84.157513  1171.764918
   -2.140637   -81.021777  1173.062122
   -2.382993   -77.830809  1174.260020
   -2.689925   -74.607895  1176.560919
   -3.040660   -71.303746  1177.492848
   -6.523642   -68.283916  1176.732685
   -5.172381   -85.256036  1343.236281
    0.529901   -77.705110  1177.435906
    0.751748   -80.958955  1176.260763
    0.922378   -84.135565  1175.107053
    1.049472   -87.207901  1173.657355
    1.156903   -90.068817  1170.972967
    1.221355   -92.847709  1169.236682
    1.285043   -95.644318  1167.379212
    1.295734   -98.455554  1165.560987
    1.254126  -101.240799  1162.561646
    1.148784  -104.320657  1162.080924
    4.285719  -104.520579  1164.714327
    4.138188  -107.565456  1163.107532
    3.887122  -110.620595  1161.700225
    3.532234  -113.833061  1161.539393
    3.107373  -117.004661  1161.627222
    2.649286  -120.099272  1161.811882
    2.171163  -123.009215  1161.000214
    1.729613  -125.961593  1161.355591
    1.369451  -128.929581  1162.790266
    1.035012  -131.649568  1163.062706
    3.991406  -131.491266  1165.424427
    3.776968  -134.191386  1166.763461
    3.665717  -136.790573  1167.937547
    3.674930  -139.364398  1169.955902
    3.822428  -141.748060  1170.897885
    4.515809  -142.842339  1162.559422
  -30.614106  -201.231784  1150.647566
  -66.360330  -170.232190  1108.815310
    4.408409  -151.071882  1174.897447
    4.152507  -153.551381  1174.178539
    3.940052  -156.092529  1173.239806
    3.936698  -158.725814  1172.354414
    4.112271  -161.558277  1172.527610
    4.353130  -164.423062  1172.574675
    4.511892  -167.597134  1173.759099
    4.567675  -170.796707  1175.000035
    7.341405  -165.235377  1179.723385
    7.242269  -162.344875  1179.594159
    7.176715  -159.407780  1178.370551
    7.205301  -156.663032  1178.000578
    7.317468  -154.180013  1178.875645
    7.407072  -151.543365  1178.517860
    7.298319  -149.147063  1178.343007
    7.115613  -146.650103  1176.976154
    6.955727  -144.088167  1175.758911
    6.756694  -141.601712  1174.676769
    6.637333  -139.051473  1172.463605
    6.653785  -136.570028  1171.455389
    6.758855  -133.858709  1169.160368
    6.941964  -131.276227  1168.959499
    7.229650  -128.528585  1167.654028
    4.314654  -128.826885  1165.135013
    4.695194  -125.931742  1163.683540
    5.127751  -123.109675  1164.706014
    5.624129  -120.097794  1164.471358
    6.081524  -117.042545  1164.294703
    6.504358  -113.931088  1164.323856
    6.890188  -110.873351  1165.511053
    7.139889  -107.786769  1166.881042
    7.253195  -104.743753  1168.597616
    7.330099  -101.612756  1168.949782
    4.365215  -101.505087  1166.314737
    4.357855   -98.590815  1168.045603
    4.269561   -95.766109  1169.932304
    4.108870   -93.040797  1172.693646
    3.929556   -90.126097  1174.417636
    3.794386   -87.186320  1176.932187
    3.669407   -84.026755  1178.217604
    3.522999   -80.765362  1179.474312
    3.345197   -77.508690  1181.727640
    6.389299   -83.783046  1181.587331
    6.468502   -87.082738  1180.309650
    6.605483   -90.129845  1177.881674
    6.805670   -93.099596  1176.293874
    7.039161   -95.890092  1173.559374
    7.252284   -98.760224  1171.823913
    9.815579   -98.810414  1175.619566
    9.973735  -101.770425  1174.039009
   10.009529  -104.824472  1172.630911
    9.930565  -107.834638  1170.882204
    9.736352  -110.862677  1169.462461
    9.375020  -113.919091  1168.179298
    8.943661  -117.014189  1168.147455
    8.500338  -120.040358  1168.285615
    8.030278  -122.913864  1167.151631
    7.606335  -125.770389  1167.425889
   10.531921  -125.402487  1170.978507
   10.198413  -128.187403  1171.211526
    9.932296  -130.981075  1172.597524
    9.777798  -133.719801  1173.715823
    9.705906  -136.319022  1174.829911
    9.720577  -138.992838  1177.098433
    9.824740  -141.536717  1178.292815
   10.017401  -144.145068  1179.444075
   10.198657  -146.759751  1180.694282
   10.387205  -149.418678  1182.122810
   10.528322  -151.973518  1182.249111
   10.522000  -154.582317  1182.444924
   12.655874  -142.467443  1185.669576
   13.073722  -141.721373  1183.348598
   12.995913  -139.023772  1181.973286
   12.952295  -136.225056  1179.526564
   12.978282  -133.538674  1178.339266
   13.107284  -130.778296  1176.999916
   13.317993  -128.039898  1177.079843
   13.595133  -125.233361  1177.013711
   13.884755  -122.358206  1176.986706
   10.909933  -122.679375  1172.023154
   11.319141  -119.752647  1171.923192
   11.735584  -116.828799  1173.162600
   12.082242  -113.764350  1173.437881
   12.363789  -110.743613  1174.686854
   12.488324  -107.732120  1176.089945
   12.473502  -104.739405  1177.542183
   12.351229  -101.765735  1179.094868
    9.579647   -95.970120  1178.246380
    9.360287   -92.994440  1179.854685
    9.214388   -89.979802  1182.380642
  -54.159131   -84.257499  1141.155856
  -57.498065   -84.054690  1139.738685
  -61.983162   -84.406607  1140.821614
  -66.338702   -84.850840  1142.642985
  -71.709413   -84.171417  1140.418948
  -68.869790  -162.962953  1141.074496
 -120.501593  -111.705886  1511.021693
  171.207116    92.133432 -1533.720634
  -99.202781  -131.627983  1148.426105
   12.761845   -40.781272   410.637114
  -89.277419  -183.783878  1141.981146
  -32.082526  -104.434311  1154.294959
  -74.277720  -117.530710  1145.058030
  -73.727344  -120.051190  1143.446901
  -73.513013  -122.708152  1143.401033
  -73.377488  -125.288381  1143.415797
  -70.094000  -124.793894  1141.705907
  -70.021228  -127.541700  1142.918383
  -69.988757  -130.241758  1144.398068
  -69.999928  -132.950614  1145.815650
  -70.033062  -135.666983  1147.131914
  -66.906210  -135.281715  1145.281145
  -66.992751  -138.095507  1146.514218
  -63.922803  -140.540691  1144.669559
  -63.963625  -143.493065  1145.722903
  -63.921370  -146.340399  1145.688216
  -63.847604  -149.218055  1145.713291
  -60.973711  -143.133808  1143.896525
  -60.943539  -140.175656  1142.854788
  -63.771232  -134.804690  1142.418818
  -63.632459  -131.917907  1140.914122
  -66.840402  -132.573711  1143.955592
  -66.799611  -129.857224  1142.553574
